List of matches found by cPEPmatch.
Motif Size: 5 
Interface Cutoff: 6 
Fit-RMSD Threshold: 0.7 

 Match  PDB   Dist-RMSD      cPep Residues              PP-Interface Residues      Fit-RMSD

     1  1a1p    0.4405       1    2    3    4    5      88   89   90   91   92      0.8187
     2  1ebp    0.5524       4    5    6    7    8      26   27   28   29   30      0.4248
     3  1hvz    0.4758      14   15   16   17   18      41   42   43   44   45      0.6102
     4  1jbl    0.6012       9   10   11   12   13      42   43   44   45   46      0.4255
     5  1jbl    0.6733       2    3    4    5    6      43   44   45   46   47      0.7195
     6  1jbn    0.6429      10   11   12   13   14      43   44   45   46   47      0.2607
     7  1kal    0.6403      19   20   21   22   23      46   47   48   49   50      0.4417
     8  1sfi    0.6241       8    9   10   11   12      41   42   43   44   45      0.4461
     9  2ck0    0.5168       7    8    9   10   11      42   43   44   45   46      0.6094
    10  2ck0    0.6954       2    3    4    5    6      44   45   46   47   48      0.3740
    11  2lwq    0.4037      12   13   14   15   16      41   42   43   44   45      0.6217
    12  2lwt    0.6663       3    4    5    6    7      42   43   44   45   46      0.4468
    13  2lwu    0.2970      10   11   12   13   14      41   42   43   44   45      0.3077
    14  2lye    0.5952       1    2    3    4    5      42   43   44   45   46      0.3176
    15  2lyf    0.5052      14   15   16   17   18      41   42   43   44   45      0.6712
    16  2lyf    0.6223      12   13   14   15   16      41   42   43   44   45      0.5928
    17  2lyf    0.6436      12   13   14   15   16      42   43   44   45   46      0.3228
    18  2m3n    0.4497       3    4    5    6    7      42   43   44   45   46      0.9466
    19  2m77    0.5336      10   11   12   13   14      42   43   44   45   46      0.2842
    20  2m77    0.6048       3    4    5    6    7      41   42   43   44   45      0.6260
    21  2m77    0.6240      12   13   14   15   16      41   42   43   44   45      0.6178
    22  2m78    0.5394       3    4    5    6    7      42   43   44   45   46      0.3446
    23  2m78    0.5955       5    6    7    8    9      41   42   43   44   45      0.5305
    24  2m78    0.6289       1    2    3    4    5      42   43   44   45   46      0.3256
    25  2m79    0.5090       3    4    5    6    7      41   42   43   44   45      0.6876
    26  2m79    0.5152       5    6    7    8    9      41   42   43   44   45      0.4762
    27  2m79    0.6413       3    4    5    6    7      42   43   44   45   46      0.6658
    28  2nb5    0.3084       1    2    3    4    5      47   48   49   50   51      0.3544
    29  2nb5    0.6627      13   14   15   16   17      43   44   45   46   47      0.3453
    30  2ndm    0.3252       1    2    3    4    5      26   27   28   29   30      0.4453
    31  2ndm    0.5564       2    3    4    5    6      42   43   44   45   46      0.5218
    32  2ndn    0.4521      10   11   12   13   14      42   43   44   45   46      0.6489
    33  2ndn    0.5667       9   10   11   12   13      42   43   44   45   46      0.6461
    34  2ndn    0.5943       1    2    3    4    5      42   43   44   45   46      0.2260
    35  2ndn    0.6894       9   10   11   12   13      41   42   43   44   45      0.7809
    36  3p8f    0.6036       9   10   11   12   13      42   43   44   45   46      0.5413
    37  3p8f    0.6483       8    9   10   11   12      41   42   43   44   45      0.5332
    38  3p8f    0.6671      10   11   12   13   14      43   44   45   46   47      0.4060
    39  3v56    0.6757       2    3    4    5    6      41   42   43   44   45      0.3556
    40  4hgc    0.6490       8    9   10   11   12      41   42   43   44   45      0.4828
    41  4m1d    0.5828       1    2    3    4    5      41   42   43   44   45      0.5550
    42  4w50    0.5734       8    9   10   11   12      26   27   28   29   30      0.5423
    43  5eoc    0.3830       9   10   11   12   13      41   42   43   44   45      0.4150
    44  5eoc    0.4254       1    2    3    4    5      41   42   43   44   45      0.3163
    45  5jqy    0.5858      13   14   15   16   17      42   43   44   45   46      0.5039
    46  5jz8    0.4966      13   14   15   16   17      42   43   44   45   46      0.5047
    47  5t1m    0.3498       8    9   10   11   12      26   27   28   29   30      0.1482
    48  5t1m    0.6292       1    2    3    4    5      41   42   43   44   45      0.3403
    49  5vav    0.4142       9   10   11   12   13      42   43   44   45   46      0.5776
    50  6h41    0.6224       3    4    5    6    7      26   27   28   29   30      0.3812
    51  6pin    0.4040      12   13   14   15   16      41   42   43   44   45      0.5110
    52  6pin    0.5003       1    2    3    4    5      42   43   44   45   46      0.5798
    53  6pin    0.6088       3    4    5    6    7      41   42   43   44   45      0.3431
    54  6pin    0.6706       3    4    5    6    7      88   89   90   91   92      0.7033
    55  6pio    0.4656       1    2    3    4    5      42   43   44   45   46      0.4569
    56  6pio    0.6131      12   13   14   15   16      41   42   43   44   45      0.4950
    57  6pip    0.4084      12   13   14   15   16      88   89   90   91   92      0.5320
    58  6pip    0.4824       1    2    3    4    5      42   43   44   45   46      0.4697
    59  6pip    0.6831       3    4    5    6    7      41   42   43   44   45      0.4004
    60  6u22    0.4268       8    9   10   11   12      41   42   43   44   45      0.3495
    61  6u22    0.4296       9   10   11   12   13      42   43   44   45   46      0.2695
    62  6u22    0.5510      10   11   12   13   14      43   44   45   46   47      0.4024
    63  6u24    0.4036       9   10   11   12   13      42   43   44   45   46      0.2776
    64  6u24    0.5016      10   11   12   13   14      43   44   45   46   47      0.3016
    65  6u24    0.5378       2    3    4    5    6      43   44   45   46   47      0.3879
    66  6u24    0.6711       8    9   10   11   12      42   43   44   45   46      0.3599
    67  6u7u    0.6237       9   10   11   12   13      42   43   44   45   46      0.3988
    68  6u7w    0.3541      10   11   12   13   14      43   44   45   46   47      0.2832
    69  6u7w    0.5168       9   10   11   12   13      42   43   44   45   46      0.3589
    70  6u7w    0.5600       8    9   10   11   12      42   43   44   45   46      0.3570
    71  6vxy    0.2625       9   10   11   12   13      42   43   44   45   46      0.4649
    72  6vxy    0.3824       8    9   10   11   12      41   42   43   44   45      0.5366
    73  6vxy    0.3952      10   11   12   13   14      43   44   45   46   47      0.3440
    74  6xs9    0.6529       9   10   11   12   13      88   89   90   91   92      1.3207
    75  6xsa    0.5130      11   12   13   14   15      41   42   43   44   45      0.4003
    76  7rov    0.6534       3    4    5    6    7      26   27   28   29   30      0.9005
